*****************************
Basic coeficients
*****************************
Alpha, Cd
    .000    ,    .1657E-01
  -80.00    ,    .1021    
  -60.00    ,    .1265    
  -45.00    ,    .1782    
  -30.00    ,    .1690    
  -15.00    ,    .7973E-01
  -10.00    ,    .3844E-01
  -5.000    ,    .1833E-01
  -2.000    ,    .1522E-01
    .000    ,    .1657E-01
   2.000    ,    .2089E-01
   5.000    ,    .3335E-01
   10.00    ,    .7115E-01
   15.00    ,    .1187    
   30.00    ,    .1310    
   45.00    ,    .8434E-01
   60.00    ,    .9433E-01
   75.00    ,    .1023    

Alpha, CL
    .000    ,    .1204    
  -80.00    ,   -.9079E-01
  -60.00    ,   -.8335    
  -45.00    ,   -1.331    
  -30.00    ,   -1.357    
  -15.00    ,   -.8791    
  -10.00    ,   -.5329    
  -5.000    ,   -.1954    
  -2.000    ,   -.6257E-02
    .000    ,    .1204    
   2.000    ,    .2515    
   5.000    ,    .4555    
   10.00    ,    .8056    
   15.00    ,    1.098    
   30.00    ,    1.058    
   45.00    ,    .6552    
   60.00    ,    .5441    
   75.00    ,    .3085    

Alpha, Cm
    .000    ,   -.4544E-01
  -80.00    ,    59.66    
  -60.00    ,    10.85    
  -45.00    ,    1.844    
  -30.00    ,    .5573    
  -15.00    ,    .4704    
  -10.00    ,    .2957    
  -5.000    ,    .1169    
  -2.000    ,    .1778E-01
    .000    ,   -.4544E-01
   2.000    ,   -.1077    
   5.000    ,   -.2010    
   10.00    ,   -.3684    
   15.00    ,   -.5211    
   30.00    ,   -.6951    
   45.00    ,   -.3383    
   60.00    ,   -.2323    
   75.00    ,   -.2329E-01

Alpha, Cyb
    .000    ,   -.1167E-01
  -80.00    ,   -.1167E-01
  -60.00    ,   -.1167E-01
  -45.00    ,   -.1167E-01
  -30.00    ,   -.1167E-01
  -15.00    ,   -.1167E-01
  -10.00    ,   -.1167E-01
  -5.000    ,   -.1167E-01
  -2.000    ,   -.1167E-01
    .000    ,   -.1167E-01
   2.000    ,   -.1167E-01
   5.000    ,   -.1167E-01
   10.00    ,   -.1167E-01
   15.00    ,   -.1167E-01
   30.00    ,   -.1167E-01
   45.00    ,   -.1167E-01
   60.00    ,   -.1167E-01
   75.00    ,   -.1167E-01

Alpha, Cnb
    .000    ,    .2805E-02
  -80.00    ,    .2805E-02
  -60.00    ,    .2805E-02
  -45.00    ,    .2805E-02
  -30.00    ,    .2805E-02
  -15.00    ,    .2805E-02
  -10.00    ,    .2805E-02
  -5.000    ,    .2805E-02
  -2.000    ,    .2805E-02
    .000    ,    .2805E-02
   2.000    ,    .2805E-02
   5.000    ,    .2805E-02
   10.00    ,    .2805E-02
   15.00    ,    .2805E-02
   30.00    ,    .2805E-02
   45.00    ,    .2805E-02
   60.00    ,    .2805E-02
   75.00    ,    .2805E-02

Alpha, Clb
    .000    ,   -.1477E-02
  -80.00    ,   -.3298E-02
  -60.00    ,   -.3628E-03
  -45.00    ,    .1848E-02
  -30.00    ,    .2484E-02
  -15.00    ,    .1622E-02
  -10.00    ,    .5367E-03
  -5.000    ,   -.5211E-03
  -2.000    ,   -.1094E-02
    .000    ,   -.1477E-02
   2.000    ,   -.1881E-02
   5.000    ,   -.2522E-02
   10.00    ,   -.3636E-02
   15.00    ,   -.4475E-02
   30.00    ,   -.2667E-02
   45.00    ,   -.3485E-04
   60.00    ,    .1196E-02
   75.00    ,    .2642E-02

Alpha, Q_Qinf
    .000    ,    1.000    
  -80.00    ,    1.000    
  -60.00    ,    1.000    
  -45.00    ,    1.000    
  -30.00    ,    1.000    
  -15.00    ,    1.000    
  -10.00    ,    1.000    
  -5.000    ,    1.000    
  -2.000    ,    1.000    
    .000    ,    1.000    
   2.000    ,    1.000    
   5.000    ,    1.000    
   10.00    ,    1.000    
   15.00    ,    1.000    
   30.00    ,    1.000    
   45.00    ,    1.000    
   60.00    ,    1.000    
   75.00    ,    1.000    

Alpha, Epslon
    .000    ,    1.525    
  -80.00    ,     .000    
  -60.00    ,     .000    
  -45.00    ,     .000    
  -30.00    ,   -4.312    
  -15.00    ,   -6.817    
  -10.00    ,   -4.284    
  -5.000    ,   -1.420    
  -2.000    ,    .3269    
    .000    ,    1.525    
   2.000    ,    2.777    
   5.000    ,    4.736    
   10.00    ,    8.164    
   15.00    ,    11.36    
   30.00    ,    13.73    
   45.00    ,    3.247    
   60.00    ,     .000    
   75.00    ,     .000    

Alpha, d_Epslon
    .000    ,    .6125    
  -80.00    ,    .1907E-01
  -60.00    ,     .000    
  -45.00    ,   -.1437    
  -30.00    ,   -.2272    
  -15.00    ,    .3382    
  -10.00    ,    .5397    
  -5.000    ,    .5788    
  -2.000    ,    .5925    
    .000    ,    .6125    
   2.000    ,    .6366    
   5.000    ,    .6652    
   10.00    ,    .6625    
   15.00    ,    .5190    
   30.00    ,   -.2705    
   45.00    ,   -.4576    
   60.00    ,   -.1082    
   75.00    ,     .000    

Alpha, CLq
    .000    ,    .1321    
  -80.00    ,    .1321    
  -60.00    ,    .1321    
  -45.00    ,    .1321    
  -30.00    ,    .1321    
  -15.00    ,    .1321    
  -10.00    ,    .1321    
  -5.000    ,    .1321    
  -2.000    ,    .1321    
    .000    ,    .1321    
   2.000    ,    .1321    
   5.000    ,    .1321    
   10.00    ,    .1321    
   15.00    ,    .1321    
   30.00    ,    .1321    
   45.00    ,    .1321    
   60.00    ,    .1321    
   75.00    ,    .1321    

Alpha, Cmq
    .000    ,   -.1399    
  -80.00    ,   -.1399    
  -60.00    ,   -.1399    
  -45.00    ,   -.1399    
  -30.00    ,   -.1399    
  -15.00    ,   -.1399    
  -10.00    ,   -.1399    
  -5.000    ,   -.1399    
  -2.000    ,   -.1399    
    .000    ,   -.1399    
   2.000    ,   -.1399    
   5.000    ,   -.1399    
   10.00    ,   -.1399    
   15.00    ,   -.1399    
   30.00    ,   -.1399    
   45.00    ,   -.1399    
   60.00    ,   -.1399    
   75.00    ,   -.1399    

Alpha, CLad_Basic
    .000    ,    .2725E-01
  -80.00    ,    .8484E-03
  -60.00    ,    .8484E-03
  -45.00    ,   -.6396E-02
  -30.00    ,   -.1011E-01
  -15.00    ,    .1505E-01
  -10.00    ,    .2401E-01
  -5.000    ,    .2575E-01
  -2.000    ,    .2636E-01
    .000    ,    .2725E-01
   2.000    ,    .2833E-01
   5.000    ,    .2960E-01
   10.00    ,    .2948E-01
   15.00    ,    .2309E-01
   30.00    ,   -.1203E-01
   45.00    ,   -.2036E-01
   60.00    ,   -.4816E-02
   75.00    ,   -.4816E-02

Alpha, Cmad_Basic
    .000    ,   -.5506E-01
  -80.00    ,   -.1714E-02
  -60.00    ,   -.1714E-02
  -45.00    ,    .1292E-01
  -30.00    ,    .2043E-01
  -15.00    ,   -.3040E-01
  -10.00    ,   -.4851E-01
  -5.000    ,   -.5203E-01
  -2.000    ,   -.5326E-01
    .000    ,   -.5506E-01
   2.000    ,   -.5722E-01
   5.000    ,   -.5980E-01
   10.00    ,   -.5956E-01
   15.00    ,   -.4666E-01
   30.00    ,    .2431E-01
   45.00    ,    .4113E-01
   60.00    ,    .9729E-02
   75.00    ,    .9729E-02

Alpha, Clp
    .000    ,   -.5323E-02
  -80.00    ,    .1006E-02
  -60.00    ,   -.3103E-03
  -45.00    ,   -.1353E-02
  -30.00    ,   -.2862E-02
  -15.00    ,   -.5526E-02
  -10.00    ,   -.5949E-02
  -5.000    ,   -.5384E-02
  -2.000    ,   -.5205E-02
    .000    ,   -.5323E-02
   2.000    ,   -.5519E-02
   5.000    ,   -.5743E-02
   10.00    ,   -.5425E-02
   15.00    ,   -.3633E-02
   30.00    ,    .8137E-03
   45.00    ,   -.2818E-03
   60.00    ,   -.2033E-02
   75.00    ,   -.2570E-02

Alpha, Cyp
    .000    ,    .3843E-03
  -80.00    ,   -.8080E-02
  -60.00    ,   -.7664E-02
  -45.00    ,   -.1414E-01
  -30.00    ,   -.1164E-01
  -15.00    ,   -.6507E-02
  -10.00    ,   -.4010E-02
  -5.000    ,   -.1787E-02
  -2.000    ,   -.4917E-03
    .000    ,    .3843E-03
   2.000    ,    .1277E-02
   5.000    ,    .2649E-02
   10.00    ,    .5135E-02
   15.00    ,    .7738E-02
   30.00    ,    .1119E-01
   45.00    ,    .1029E-01
   60.00    ,    .1137E-01
   75.00    ,    .1170E-01

Alpha, Cnp
    .000    ,   -.2182E-03
  -80.00    ,    .1246E-03
  -60.00    ,    .4071E-02
  -45.00    ,    .4205E-02
  -30.00    ,    .3855E-02
  -15.00    ,    .2044E-02
  -10.00    ,    .1191E-02
  -5.000    ,    .4977E-03
  -2.000    ,    .7259E-04
    .000    ,   -.2182E-03
   2.000    ,   -.5105E-03
   5.000    ,   -.9562E-03
   10.00    ,   -.1835E-02
   15.00    ,   -.2944E-02
   30.00    ,   -.4336E-02
   45.00    ,   -.3819E-02
   60.00    ,   -.3745E-02
   75.00    ,   -.2786E-02

Alpha, Cnr
    .000    ,   -.3713E-02
  -80.00    ,   -.8259E-04
  -60.00    ,   -.5444E-03
  -45.00    ,   -.1545E-02
  -30.00    ,   -.2506E-02
  -15.00    ,   -.3205E-02
  -10.00    ,   -.3343E-02
  -5.000    ,   -.3518E-02
  -2.000    ,   -.3634E-02
    .000    ,   -.3713E-02
   2.000    ,   -.3795E-02
   5.000    ,   -.3924E-02
   10.00    ,   -.4159E-02
   15.00    ,   -.4363E-02
   30.00    ,   -.3977E-02
   45.00    ,   -.3068E-02
   60.00    ,   -.2063E-02
   75.00    ,   -.1042E-02

Alpha, Clr
    .000    ,    .1762E-02
  -80.00    ,   -.9096E-03
  -60.00    ,   -.2509E-02
  -45.00    ,   -.3570E-02
  -30.00    ,   -.3208E-02
  -15.00    ,   -.1673E-02
  -10.00    ,   -.4123E-03
  -5.000    ,    .7405E-03
  -2.000    ,    .1353E-02
    .000    ,    .1762E-02
   2.000    ,    .2191E-02
   5.000    ,    .2863E-02
   10.00    ,    .4020E-02
   15.00    ,    .4885E-02
   30.00    ,    .3152E-02
   45.00    ,    .7681E-03
   60.00    ,    .1842E-03
   75.00    ,   -.2991E-03

*****************************
Flap terms
*****************************
*****************************
Aileron terms
*****************************
*****************************
Elevator terms
*****************************
Cd_Elev
Alpha, DeltaElev
            ,     .000    
    .000    ,     .000    
  -80.00    ,     .000    
  -60.00    ,     .000    
  -45.00    ,     .000    
  -30.00    ,     .000    
  -15.00    ,     .000    
  -10.00    ,     .000    
  -5.000    ,     .000    
  -2.000    ,     .000    
    .000    ,     .000    
   2.000    ,     .000    
   5.000    ,     .000    
   10.00    ,     .000    
   15.00    ,     .000    
   30.00    ,     .000    
   45.00    ,     .000    
   60.00    ,     .000    
   75.00    ,     .000    

DeltaElev, CL_Elev

DeltaElev, Cm_Elev

DeltaElev, CLa_Elev

DeltaElev, Cha_Elev

DeltaElev, Chd_Elev



